id price
859 8
516 19
451 47
282 54
305 65
66 70
204 78
63 81
734 91
84 91
210 100
856 117
733 152
489 162
280 176
829 205
890 212
590 213
601 217
48 233
732 270
668 273
384 276
695 278
96 280
219 307
447 321
100 325
409 382
213 394
607 399
150 421
953 441
155 441
146 445
614 449
815 460
902 464
46 468
480 492
15 493
862 496
198 500
791 500
252 500
14 511
724 532
442 552
853 557
179 573
271 582
381 592
167 603
605 603
511 612
196 629
8 665
836 666
326 666
476 668
71 720
520 727
154 760
366 800
435 802
223 840
187 852
569 886
285 889
612 899
685 901
424 920
266 952
363 953
835 962
683 966
587 998
658 1001
609 1005
559 1012
272 1015
131 1020
92 1023
466 1036
23 1037
895 1042
908 1046
182 1049
12 1050
292 1056
433 1063
242 1068
41 1075
250 1076
753 1089
53 1105
898 1134
894 1143
175 1143
385 1145
639 1146
600 1148
506 1156
156 1169
509 1192
710 1198
938 1242
236 1255
247 1260
722 1262
919 1266
861 1270
211 1273
586 1274
970 1276
411 1278
515 1287
964 1308
694 1334
173 1335
656 1348
209 1374
729 1388
157 1413
868 1414
206 1419
233 1425
708 1431
956 1440
61 1444
596 1453
393 1473
410 1474
128 1475
340 1478
471 1492
621 1502
849 1520
563 1529
620 1536
940 1537
402 1539
577 1567
599 1570
774 1572
579 1596
688 1611
937 1626
904 1630
594 1634
534 1635
153 1681
959 1692
373 1703
877 1719
843 1726
293 1735
107 1737
897 1751
517 1763
591 1763
535 1778
576 1786
769 1800
512 1822
170 1833
263 1835
496 1854
76 1863
528 1877
513 1892
315 1904
554 1912
276 1926
548 1934
985 1936
111 1944
37 1948
818 1954
352 1954
839 1963
798 1964
910 1967
892 1989
882 1997
771 2029
560 2035
812 2063
879 2081
834 2087
484 2089
441 2102
278 2105
745 2107
765 2111
721 2115
414 2121
657 2122
885 2127
698 2133
828 2147
717 2155
626 2185
530 2188
314 2212
673 2212
775 2233
22 2241
317 2251
436 2255
564 2256
702 2257
570 2260
608 2269
741 2284
675 2299
396 2314
232 2347
287 2347
763 2359
416 2360
202 2368
312 2372
368 2372
921 2390
80 2391
70 2429
129 2430
102 2432
493 2434
510 2434
762 2444
912 2454
986 2459
13 2461
469 2467
593 2468
883 2483
141 2500
992 2510
169 2510
159 2513
974 2541
623 2541
47 2545
456 2548
785 2550
335 2552
345 2557
387 2568
104 2570
539 2571
602 2583
939 2609
550 2612
622 2618
105 2623
782 2624
674 2665
565 2672
3 2672
350 2672
773 2687
789 2690
301 2695
81 2700
34 2701
860 2705
217 2716
567 2719
933 2730
267 2731
982 2740
854 2748
692 2779
941 2783
98 2789
405 2794
296 2796
229 2809
103 2818
887 2831
408 2833
437 2836
761 2838
347 2841
149 2848
536 2858
474 2876
227 2883
649 2912
958 2913
392 2929
889 2931
544 2942
723 2947
79 2959
126 2980
943 2983
356 2983
924 2991
738 2997
417 3000
855 3006
341 3022
555 3027
59 3033
841 3038
54 3040
624 3044
69 3048
523 3056
700 3059
737 3060
438 3060
270 3063
45 3077
400 3091
655 3100
332 3105
766 3112
273 3119
557 3119
574 3129
813 3141
26 3172
472 3173
330 3181
389 3192
163 3210
965 3210
981 3226
443 3250
503 3251
975 3251
465 3270
172 3274
199 3276
77 3279
936 3288
819 3292
776 3292
186 3304
993 3332
62 3336
568 3358
39 3364
72 3421
996 3428
735 3428
583 3429
364 3431
935 3461
800 3461
540 3470
401 3475
500 3511
407 3511
255 3514
768 3543
205 3560
127 3580
746 3590
369 3592
6 3596
133 3604
178 3609
957 3609
427 3630
744 3634
49 3653
906 3655
5 3676
916 3678
262 3688
370 3697
354 3702
151 3710
491 3712
537 3725
972 3752
420 3759
749 3762
235 3795
321 3813
91 3814
689 3816
871 3840
837 3856
718 3863
783 3866
903 3879
382 3913
616 3921
238 3958
222 3958
224 3974
35 3989
323 4026
637 4043
254 4052
450 4052
376 4067
261 4084
2 4091
878 4091
519 4092
244 4095
977 4098
488 4147
140 4166
468 4170
355 4175
486 4187
38 4192
225 4204
119 4205
915 4233
825 4235
325 4236
553 4239
446 4258
786 4260
108 4261
654 4268
633 4270
817 4272
135 4273
549 4297
112 4297
181 4316
310 4329
90 4333
911 4352
25 4371
736 4377
311 4390
367 4392
541 4400
43 4411
592 4412
174 4414
727 4418
251 4447
807 4448
24 4452
869 4466
118 4479
171 4482
752 4484
714 4492
725 4501
874 4505
810 4509
932 4527
971 4546
750 4546
831 4575
197 4607
318 4648
804 4664
390 4671
257 4680
231 4687
755 4690
9 4699
728 4717
706 4742
821 4747
781 4747
646 4758
615 4764
423 4770
338 4782
230 4790
757 4791
371 4805
603 4817
20 4841
546 4846
529 4852
647 4854
764 4863
499 4865
561 4869
784 4873
343 4875
87 4889
595 4891
997 4916
558 4946
808 4984
101 4995
73 4998
425 5006
973 5011
636 5021
10 5023
731 5026
743 5045
802 5051
667 5053
680 5068
467 5070
542 5084
190 5086
394 5087
319 5087
243 5089
527 5099
377 5117
880 5117
246 5117
931 5120
344 5130
431 5134
208 5137
900 5155
960 5157
502 5159
976 5171
297 5180
256 5184
625 5186
455 5199
518 5206
543 5207
929 5208
29 5210
337 5215
349 5228
945 5239
143 5241
664 5253
139 5263
477 5269
606 5274
473 5274
770 5275
137 5282
650 5300
289 5300
288 5309
120 5309
60 5318
309 5349
820 5353
42 5356
864 5364
82 5369
578 5372
653 5388
460 5402
19 5404
388 5418
638 5428
991 5431
642 5435
481 5444
74 5447
448 5469
901 5482
185 5483
707 5488
461 5506
610 5515
237 5530
428 5536
482 5542
497 5543
870 5557
281 5572
214 5573
307 5577
644 5595
505 5596
498 5599
884 5604
304 5617
200 5633
31 5643
538 5644
966 5649
110 5653
954 5656
635 5698
253 5707
730 5715
851 5748
613 5754
787 5757
33 5769
525 5771
194 5788
86 5825
265 5838
876 5864
188 5880
97 5880
286 5880
659 5881
306 5881
259 5889
67 5891
963 5932
494 5936
961 5948
7 5968
545 5979
678 6011
920 6016
662 6031
279 6035
858 6079
485 6090
134 6104
426 6105
918 6110
358 6112
142 6119
995 6131
302 6147
585 6149
391 6156
793 6169
842 6177
40 6187
772 6198
618 6202
767 6204
660 6205
439 6214
413 6220
11 6245
117 6246
797 6253
30 6261
631 6266
872 6266
406 6271
899 6277
162 6278
334 6285
759 6293
36 6301
697 6308
124 6313
792 6328
888 6347
258 6354
816 6359
589 6368
123 6373
125 6430
50 6434
492 6441
693 6441
336 6448
968 6470
748 6475
967 6479
640 6483
216 6488
747 6494
183 6505
430 6527
893 6531
952 6537
588 6549
681 6558
434 6558
56 6562
226 6572
979 6583
643 6606
180 6632
351 6635
504 6673
248 6678
949 6680
75 6689
751 6697
295 6705
983 6711
89 6715
913 6725
375 6726
712 6744
94 6754
470 6755
969 6759
846 6759
926 6781
556 6790
794 6807
44 6809
64 6839
215 6846
676 6853
617 6859
138 6871
501 6893
399 6898
132 6911
838 6937
670 6950
55 6964
701 7010
632 7014
397 7014
760 7016
144 7058
562 7076
994 7087
672 7099
790 7109
404 7115
264 7118
383 7152
739 7169
328 7171
68 7174
445 7192
840 7198
378 7217
598 7230
552 7239
905 7239
372 7279
121 7296
160 7298
704 7300
415 7303
865 7317
951 7329
666 7331
457 7333
754 7342
290 7343
459 7344
950 7347
925 7350
597 7355
795 7357
575 7377
106 7380
814 7382
166 7404
453 7407
866 7435
18 7436
863 7438
669 7441
228 7461
686 7466
508 7476
907 7494
989 7501
713 7502
572 7503
881 7529
495 7537
873 7550
249 7554
531 7556
195 7565
192 7567
28 7581
809 7614
803 7627
677 7667
283 7676
661 7681
395 7691
705 7715
584 7729
928 7730
948 7737
268 7748
934 7756
177 7776
421 7789
955 7800
176 7815
274 7817
648 7817
380 7830
403 7831
429 7832
780 7840
526 7847
962 7848
652 7858
696 7892
980 7896
778 7901
419 7933
532 7957
298 7963
709 7969
799 7993
726 7997
627 7998
207 8007
923 8015
524 8015
412 8027
833 8028
507 8045
212 8055
998 8074
201 8108
136 8115
927 8118
346 8119
645 8121
303 8130
362 8144
320 8160
333 8164
52 8168
331 8182
284 8186
990 8205
58 8209
811 8211
88 8243
930 8264
365 8265
308 8273
165 8279
449 8290
533 8292
978 8302
682 8319
988 8320
756 8335
699 8338
57 8350
805 8351
679 8383
65 8393
619 8411
719 8418
687 8420
796 8420
909 8420
671 8424
566 8425
161 8448
845 8458
922 8475
857 8481
788 8487
999 8511
1000 8515
245 8527
691 8536
490 8556
327 8566
832 8568
582 8573
628 8587
573 8589
452 8590
115 8593
16 8605
386 8610
130 8613
547 8636
113 8652
944 8660
221 8683
339 8688
148 8694
521 8706
483 8734
32 8740
203 8746
740 8749
184 8759
690 8761
651 8761
109 8762
269 8768
17 8792
51 8811
827 8814
917 8830
191 8837
464 8845
551 8865
357 8879
742 8891
896 8913
522 8918
487 8930
684 8941
571 8944
218 8956
634 8993
891 9021
663 9026
475 9031
824 9033
316 9047
348 9062
78 9079
580 9086
324 9101
830 9102
779 9112
360 9121
703 9123
711 9131
21 9140
914 9160
353 9162
1 9172
886 9204
374 9209
99 9215
291 9243
158 9263
116 9267
168 9269
83 9292
329 9300
93 9311
987 9314
801 9314
641 9324
432 9326
220 9336
300 9339
852 9341
239 9346
777 9349
758 9359
193 9362
422 9364
850 9370
581 9405
462 9409
27 9409
361 9429
398 9432
867 9433
240 9438
847 9446
463 9451
418 9458
189 9458
440 9466
454 9475
942 9477
716 9477
379 9482
147 9503
342 9523
848 9526
479 9526
4 9528
826 9529
629 9545
275 9553
875 9561
164 9563
145 9570
984 9588
322 9603
444 9616
822 9638
152 9640
359 9640
277 9724
299 9734
806 9748
947 9771
478 9788
294 9810
313 9815
611 9825
946 9829
114 9842
844 9843
85 9846
630 9848
720 9864
260 9876
823 9878
122 9883
514 9895
234 9895
665 9896
715 9933
95 9959
604 9974
458 9988
241 9988
